782 51.0678307 3.7290914 GENT
1655 50.459267 4.8504571 NAMUR
0 50.8427501 4.3515499 BRUSSEL
57 51.2198771 4.4011356 ANTWERPEN
114 51.0261822 4.9806859 AVERBODE
171 50.7798613 4.7614181 BEAUVECHAIN
229 50.5329187 4.7417015 BEUZET
286 50.7509166 5.580062 BOIRS
343 50.7410068 5.2607332 BOVELINGEN
400 50.5826516 3.9173444 CAMBRON-SAINT-VINCENT
458 50.7811468 2.9997573 COMINES
515 50.7981729 4.0248327 DENDERWINDEKE
572 50.571588 4.1767874 ECAUSSINNES-D'ENGHIEN
629 50.4022333 5.666316 ERNONHEID
687 50.7041182 5.7139672 FENEUR
744 50.0767425 4.5089143 FRASNES_NAM.
802 50.9705594 3.8153997 GIJZENZELE
859 49.8583554 5.3727437 GRANDVOIR
917 50.3453749 5.0922322 HAMOIS
974 50.7497791 4.9829359 HELECINE
1031 50.5236273 5.006894 HINGEON
1088 51.1488217 4.4785055 HOVE
1146 50.7342411 5.209727 JEUK
1203 51.3317067 3.3140885 KNOKKE-HEIST
1260 50.5838176 5.0903253 LAMONTZEE
1317 50.7216887 5.3534526 LENS-SUR-GEER
1375 51.2948381 3.1994146 LISSEWEGE
1432 50.3780379 4.9703054 MAILLEN
1489 50.511588 4.6770711 MAZY
1546 50.996176 4.0692884 MESPELARE