943 50.9215166 5.3447405 HASSELT
782 51.0678307 3.7290914 GENT
1655 50.459267 4.8504571 NAMUR
623 50.5819911 3.3670897 ERE
651 50.4115339 4.1040147 ESTINNES-AU-VAL
679 50.3707981 4.1074825 FAUROEULX
707 50.3772652 5.0730382 FLOREE
736 50.2612928 4.5075507 FRAIRE
764 49.977764 4.8846261 GEDINNE
793 50.4145775 5.0485344 GESVES
822 50.4515615 5.2087116 GOESNES
850 50.5766743 4.7707367 GRAND-LEEZ
878 50.1458721 5.3918429 GRUNE
907 50.1719117 5.496803 HALLEUX
935 50.8919578 4.4182942 HAREN_BRUSSEL
964 51.0494135 4.4090115 HEFFEN
993 50.8076856 5.5727572 HERDEREN
1021 50.883018 3.6280121 HEURNE
1049 50.5385594 3.4265177 HOLLAIN
1078 50.5804921 4.4102122 HOUTAIN-LE-VAL
1106 50.8771207 4.0479634 IDDERGEM
1843 50.7573406 4.9275167 OUTGAARDEN
1872 50.9330705 4.496836 PERK
1900 50.997842 3.2747455 PITTEM
1928 50.3854726 4.5785708 PRESLES