943 50.9215166 5.3447405 HASSELT
782 51.0678307 3.7290914 GENT
1655 50.459267 4.8504571 NAMUR
0 50.8427501 4.3515499 BRUSSEL
28 50.6742929 5.5132386 ALLEUR
56 50.5503239 3.4596501 ANTOING
84 50.4023242 3.9582913 ASQUILLIES
113 50.6292846 5.1147799 AVENNES
141 50.9198308 3.9287768 BAMBRUGGE
169 50.1003926 4.9059609 BEAURAING
198 51.0905235 3.5021788 BELLEM
226 50.8479184 3.0245939 BESELARE
509 50.7857415 3.841547 DEFTINGE
538 50.2340362 4.9169434 DINANT
566 50.3350543 5.4345624 DURBUY
594 50.7788199 4.1765936 ELINGEN
623 50.5819911 3.3670897 ERE
651 50.4115339 4.1040147 ESTINNES-AU-VAL
679 50.3707981 4.1074825 FAUROEULX
707 50.3772652 5.0730382 FLOREE