707 50.3772652 5.0730382 FLOREE
736 50.2612928 4.5075507 FRAIRE
764 49.977764 4.8846261 GEDINNE
1446 50.4882234 4.2413412 MANAGE
1474 50.8527157 5.5327097 MARTENSLINDE
1502 50.9994633 5.7476978 MEESWIJK
1787 51.2779569 3.2958858 OOSTKERKE_DAMME
1815 50.2998711 4.6155651 ORET
1843 50.7573406 4.9275167 OUTGAARDEN
1872 50.9330705 4.496836 PERK
1900 50.997842 3.2747455 PITTEM
1928 50.3854726 4.5785708 PRESLES
1957 51.0149429 4.3352389 RAMSDONK
1985 50.8921334 3.9133478 RESSEGEM
2013 50.915145 2.625109 ROESBRUGGE-HARINGE